8

3.72 5.26 6.13 2.97 8.78 6.16 4.86 4.04
9.03 8.65 4.82 6.93 3.29 9.51 6.57 0.25
5.96 1.56 8.19 4.53 0.77 7.75 4.49 3.73
2.10 9.42 3.36 3.10 5.09 1.06 2.88 8.81
6.32 9.01 1.79 5.10 5.17 6.64 9.14 4.20
5.29 3.96 1.13 8.58 3.47 7.70 8.83 9.43
9.25 7.02 3.96 0.02 4.77 8.45 3.75 6.87
7.87 7.11 9.97 2.96 8.17 2.85 1.77 4.49

1.86 3.56 9.59 7.03 0.21 8.73 1.23 5.50
2.69 2.36 4.08 6.16 0.05 2.91 5.59 9.31
9.93 9.55 9.33 4.70 8.00 3.08 1.57 5.86
0.18 1.53 8.82 8.35 4.38 0.59 2.84 6.24
4.16 2.43 3.26 4.36 1.16 4.49 9.86 3.86
6.85 3.95 0.02 6.90 6.86 5.61 6.21 6.79
5.16 5.54 1.48 3.16 8.61 3.05 9.02 8.79
4.58 7.84 7.14 8.96 8.44 9.98 5.20 2.59
